50
7
0.08 0.76 0.48 0.36 0.44 0.24 0.52
0.80 0.04 0.56 0.28 0.16 0.32 0.40
6
0.48 0.44 0.42 0.16 0.31 0.53
0.84 0.92 0.77 0.74 0.87 0.56
10
0.07 0.52 0.70 0.25 0.03 0.67 0.92 0.22 0.05 0.15
0.98 0.77 0.28 0.88 0.90 0.45 0.72 0.08 0.17 0.32
1
0.7
0.4
9
0.05 0.49 0.92 0.79 0.01 0.15 0.39 0.26 0.52
0.53 0.11 0.40 0.07 0.86 0.24 0.27 0.08 0.18
7
0.12 0.58 0.42 0.27 0.55 0.36 0.06
0.61 0.15 0.97 0.33 0.18 0.52 0.39
10
0.58 0.08 0.17 0.48 0.68 0.55 0.75 0.95 0.12 0.30
0.73 0.85 0.53 0.10 0.90 0.25 0.22 0.20 0.93 0.63
10
0.09 0.43 0.89 0.67 0.65 0.11 0.35 0.20 0.70 0.39
0.26 0.57 0.98 0.04 0.37 0.76 0.93 0.78 0.87 0.59
10
0.83 0.52 0.65 0.74 0.22 0.43 0.35 0.70 0.87 0.91
0.04 0.30 0.96 0.48 0.57 0.61 0.17 0.26 0.13 0.39
8
0.17 0.75 0.78 0.19 0.84 0.05 0.62 0.89
0.16 0.66 0.67 0.11 0.31 0.34 0.52 0.44
10
0.46 0.48 0.70 0.04 0.30 0.94 0.13 0.28 0.17 0.52
0.44 0.67 0.89 0.96 0.83 0.98 0.69 0.59 0.20 0.80
10
0.77 0.98 0.62 0.92 0.48 0.79 0.81 0.71 0.58 0.50
0.04 0.31 0.08 0.35 0.37 0.46 0.40 0.10 0.23 0.25
4
0.64 0.79 0.54 0.32
0.57 0.71 0.07 0.18
10
0.38 0.21 0.26 0.31 0.58 0.53 0.15 0.35 0.55 0.56
0.59 0.73 0.14 0.80 0.87 0.44 0.88 0.51 0.17 0.16
5
0.68 0.26 0.97 0.42 0.29
0.71 0.10 0.32 0.55 0.48
10
0.37 0.43 0.11 0.77 0.90 0.85 0.26 0.15 0.54 0.62
0.81 0.05 0.25 0.06 0.75 0.93 0.17 0.23 0.31 0.89
6
0.03 0.17 0.11 0.19 0.31 0.36
0.67 0.83 0.72 0.94 0.44 0.61
10
0.52 0.37 0.22 0.30 0.19 0.26 0.04 0.15 0.44 0.11
0.74 0.85 0.89 0.67 0.70 0.59 0.63 0.81 0.78 0.93
10
0.486 0.360 0.243 0.613 0.342 0.189 0.784 0.622 0.279 0.288
0.757 0.847 0.315 0.838 0.090 0.775 0.477 0.577 0.523 0.955
7
0.32 0.30 0.41 0.46 0.65 0.78 0.59
0.95 0.49 0.27 0.51 0.89 0.03 0.68
10
0.035 0.316 0.105 0.439 0.237 0.289 0.211 0.298 0.123 0.158
0.605 0.649 0.798 0.544 0.921 0.939 0.904 0.833 0.447 0.991
10
0.38 0.91 0.27 0.16 0.55 0.07 0.68 0.95 0.41 0.22
0.42 0.46 0.34 0.96 0.62 0.64 0.11 0.12 0.18 0.76
8
0.53 0.29 0.88 0.40 0.26 0.16 0.95 0.81
0.67 0.60 0.45 0.83 0.02 0.34 0.12 0.21
7
0.78 0.27 0.22 0.76 0.41 0.48 0.05
0.84 0.87 0.60 0.70 0.11 0.35 0.54
10
0.52 0.17 0.04 0.51 0.48 0.30 0.36 0.32 0.53 0.38
0.64 0.78 0.21 0.80 0.95 0.33 0.81 0.91 0.06 0.73
1
0.8
0.2
1
0.2
0.6
10
0.29 0.17 0.77 0.79 0.40 0.60 0.24 0.56 0.86 0.14
0.27 0.93 0.57 0.06 0.39 0.44 0.11 0.49 0.71 0.61
10
0.27 0.11 0.07 0.43 0.52 0.30 0.80 0.75 0.73 0.59
0.91 0.45 0.57 0.09 0.93 0.23 0.50 0.68 0.41 0.34
10
0.92 0.79 0.62 0.83 0.54 0.96 0.87 0.58 0.67 0.75
0.25 0.50 0.29 0.12 0.42 0.38 0.04 0.21 0.46 0.33
10
0.90 0.30 0.95 0.91 0.72 0.99 0.71 0.89 0.40 0.37
0.63 0.36 0.49 0.47 0.79 0.68 0.25 0.17 0.31 0.18
2
0.78 0.70
0.52 0.17
10
0.64 0.70 0.58 0.61 0.27 0.36 0.42 0.03 0.30 0.73
0.79 0.15 0.39 0.94 0.88 0.12 0.45 0.55 0.82 0.76
10
0.50 0.12 0.04 0.96 0.86 0.34 0.64 0.30 0.28 0.76
0.72 0.84 0.48 0.60 0.20 0.58 0.70 0.78 0.54 0.18
3
0.74 0.83 0.96
0.13 0.48 0.30
10
0.58 0.70 0.54 0.38 0.19 0.62 0.20 0.90 0.74 0.23
0.81 0.63 0.41 0.47 0.65 0.24 0.35 0.93 0.43 0.29
3
0.39 0.87 0.45
0.52 0.84 0.42
10
0.79 0.67 0.92 0.87 0.75 0.54 0.83 0.71 0.96 0.58
0.33 0.42 0.04 0.46 0.17 0.38 0.08 0.12 0.21 0.29
10
0.82 0.89 0.68 0.81 0.45 0.58 0.44 0.15 0.03 0.06
0.31 0.84 0.08 0.98 0.48 0.35 0.16 0.66 0.63 0.71
2
0.5 0.7
0.8 0.3
9
0.56 0.98 0.70 0.90 0.66 0.78 0.80 0.96 0.60
0.06 0.08 0.50 0.26 0.42 0.54 0.46 0.48 0.04
10
0.73 0.44 0.48 0.29 0.59 0.95 0.40 0.81 0.61 0.97
0.69 0.79 0.46 0.78 0.89 0.85 0.76 0.26 0.05 0.51
8
0.90 0.81 0.48 0.64 0.45 0.50 0.60 0.74
0.29 0.31 0.12 0.43 0.19 0.21 0.02 0.05
10
0.68 0.91 0.54 0.49 0.29 0.98 0.55 0.42 0.58 0.20
0.88 0.48 0.25 0.72 0.74 0.92 0.77 0.95 0.18 0.26
10
0.538 0.897 0.547 0.846 0.333 0.068 0.726 0.632 0.607 0.812
0.419 0.316 0.034 0.752 0.043 0.855 0.111 0.880 0.872 0.017
9
0.04 0.44 0.11 0.33 0.81 0.56 0.30 0.70 0.96
0.07 0.52 0.15 0.67 0.19 0.22 0.37 0.78 0.41
8
0.04 0.72 0.80 0.44 0.28 0.24 0.32 0.60
0.20 0.12 0.64 0.08 0.16 0.84 0.88 0.76
8
0.60 0.58 0.87 0.44 0.71 0.84 0.82 0.73
0.03 0.30 0.26 0.08 0.39 0.13 0.01 0.17
10
0.04 0.11 0.79 0.98 0.59 0.09 0.72 0.49 0.52 0.77
0.20 0.99 0.42 0.17 0.90 0.10 0.38 0.35 0.66 0.41
10
0.49 0.73 0.17 0.68 0.07 0.46 0.15 0.24 0.95 0.02
0.37 0.54 0.39 0.51 0.80 0.85 0.61 0.29 0.66 0.12
